2 227
3 228
102 327
103 328
104 329
105 330
106 331
107 332
108 333
109 334
110 335
111 336
112 337
113 338
114 339
115 340
116 341
117 342
118 343
119 344
120 345
121 346
122 347
123 348
124 349
125 350
126 351
127 352
128 353
129 354
130 355
39 264
40 265
41 266
42 267
43 268
44 269
45 270
46 271
47 272
48 273
49 274
50 275
51 276
52 277
53 278
54 279
55 280
56 281
57 282
58 283
59 284
60 285
61 286
62 287
63 288
64 289
65 290
67 292
131 356
132 357
133 358
134 359
135 360
136 361
137 362
138 363
139 364
140 365
141 366
142 367
74 299
75 300
76 301
77 302
78 303
79 304
80 305
81 306
82 307
83 308
84 309
85 310
86 311
87 312
88 313
89 314
90 315
91 316
92 317
93 318
94 319
95 320
96 321
97 322
98 323
99 324
100 325
101 326
16 241
17 242
36 261
37 262
38 263
20 245
21 246
22 247
23 248
24 249
25 250
26 251
27 252
28 253
29 254
30 255
31 256
32 257
33 258
68 293
69 294
70 295
71 296
72 297
73 298
34 259
35 260
4 229
5 230
66 291
6 231
7 232
8 233
9 234
18 243
19 244
10 235
11 236
12 237
13 238
14 239
15 240
173 398
174 399
175 400
176 401
177 402
178 403
179 404
180 405
181 406
182 407
183 408
184 409
185 410
186 411
187 412
188 413
189 414
190 415
191 416
192 417
193 418
194 419
195 420
196 421
197 422
198 423
199 424
200 425
201 426
202 427
203 428
204 429
205 430
206 431
207 432
208 433
209 434
210 435
211 436
212 437
213 438
214 439
215 440
216 441
217 442
218 443
219 444
220 445
221 446
222 447
223 448
224 449
225 450
143 368
144 369
145 370
146 371
147 372
148 373
149 374
150 375
151 376
152 377
153 378
154 379
155 380
156 381
157 382
158 383
159 384
160 385
161 386
162 387
163 388
164 389
165 390
166 391
167 392
168 393
169 394
170 395
171 396
172 397
1 226
